69,189
69,188
69,187
69,186
69,185
69,184
69,183
69,182
69,181
69,180
69,179
69,178
69,177
69,176
69,175
69,174
69,173
69,192
69,172
69,171
69,170
69,169
69,168
69,167
69,166
69,165
69,164
69,163
69,162
69,161
69,160
69,159
69,158
69,157
69,156
69,155
10,265
10,211
10,285
10,167
10,241
10,75
10,9
10,287
11,4
9,7
9,1
9,5
9,2
9,3
8,15
8,7
8,10
8,5
8,14
19,2
19,1
19,3
69,341
69,154
69,153
69,152
69,151
69,150
69,149
69,148
69,147
69,146
69,145
69,144
69,143
69,142
69,141
69,140
69,139
69,138
69,137
69,136
69,135
69,134
69,133
69,132
69,131
69,130
69,129
69,128
69,127
69,126
69,125
69,124
69,123
69,122
69,121
69,120
69,119
69,118
69,117
69,116
69,115
69,114
69,113
69,112
69,111
69,110
69,109
69,108
69,107
69,106
69,105
69,104
69,103
69,102
69,101
69,100
69,99
69,98
69,97
69,96
69,95
69,94
69,93
69,92
69,91
69,90
69,89
69,88
69,87
69,86
69,85
69,84
69,83
69,82
69,81
69,80
69,79
69,78
69,77
69,76
69,75
69,74
69,73
69,72
69,71
69,70
69,69
69,68
69,67
69,66
69,65
69,64
69,36
69,35
69,34
69,33
69,32
69,31
69,30
69,29
69,28
69,27
69,26
69,25
69,24
69,23
69,22
